{
    "cam1": {
        "rotation": [
            0.8324956489887516,
            0.3564706279970295,
            -0.14588164135864062,
            0.39824393592961277
        ],
        "translation": [
            [
                -2.6021372500266278
            ],
            [
                -0.27848592609272654
            ],
            [
                4.602538924135037
            ]
        ],
        "rotation_matrix": [
            [
                0.7032944761798248,
                0.4773275355305555,
                -0.5268161952704875
            ],
            [
                0.7097134516687045,
                -0.42866091774138776,
                0.5590676471784116
            ],
            [
                0.04103286847686402,
                -0.7670777284118199,
                -0.640240628419599
            ]
        ],
        "euler_angles": [
            -129.85002879705348,
            -2.351670416585216,
            45.26027997943877
        ],
        "coordinates": [
            [
                4.3876897995844155
            ],
            [
                -0.8457348305880927
            ],
            [
                2.8398852170711013
            ]
        ]
    },
    "cam2": {
        "rotation": [
            0.852646812619359,
            -0.22165890052938372,
            0.12465720495332597,
            0.45642231102278163
        ],
        "translation": [
            [
                1.782081152169514
            ],
            [
                1.1797722538628972
            ],
            [
                4.867808869389074
            ]
        ],
        "rotation_matrix": [
            [
                0.8706558261386583,
                -0.264200850909306,
                0.4149172722237635
            ],
            [
                -0.49178616919105633,
                -0.48509201163345583,
                0.7230712994178324
            ],
            [
                0.01023700167020275,
                -0.8335968153899135,
                -0.5522785105076953
            ]
        ],
        "euler_angles": [
            -123.52545822167703,
            -0.5865472355290754,
            -29.45974485248566
        ],
        "coordinates": [
            [
                -3.2596204822320702
            ],
            [
                -2.0710719255980896
            ],
            [
                3.653597457796641
            ]
        ]
    },
    "cam3": {
        "rotation": [
            0.7440248548293262,
            -0.416114079181106,
            0.2797686921170149,
            0.44159434712708356
        ],
        "translation": [
            [
                5.522069722182076
            ],
            [
                2.946695473194781
            ],
            [
                0.7434145195393038
            ]
        ],
        "rotation_matrix": [
            [
                0.49715710403679036,
                -0.3721098888262998,
                0.783816971329041
            ],
            [
                -0.8662869805943448,
                -0.26368701138533013,
                0.4242829566214109
            ],
            [
                0.04880247082356881,
                -0.8899457234373068,
                -0.4534478229930796
            ]
        ],
        "euler_angles": [
            -116.99988899704755,
            -2.7972867323949617,
            -60.14873437718598
        ],
        "coordinates": [
            [
                -2.231542583581145
            ],
            [
                5.245284318704554
            ],
            [
                2.6900080836058073
            ]
        ]
    },
    "cam4": {
        "rotation": [
            -0.17167262688469076,
            0.8643338551248013,
            -0.4588830046388477,
            -0.11349838817019342
        ],
        "translation": [
            [
                3.4851039681642852
            ],
            [
                -4.22949905855317
            ],
            [
                11.144592696524665
            ]
        ],
        "rotation_matrix": [
            [
                -0.9152932501225558,
                -0.1925999640588836,
                0.35375630047337037
            ],
            [
                -0.4009298895997021,
                0.5199097944642662,
                -0.754287100012784
            ],
            [
                -0.03864569711700741,
                -0.8322253657902057,
                -0.5530890078727829
            ]
        ],
        "euler_angles": [
            -123.60763166424667,
            2.214786868246075,
            -156.3449296480983
        ],
        "coordinates": [
            [
                -1.567179111233426
            ],
            [
                12.00246284130402
            ],
            [
                2.7787395889283046
            ]
        ]
    },
    "cam5": {
        "rotation": [
            0.4048378883828979,
            0.7743821885549255,
            -0.4325552753429048,
            0.22211358344681245
        ],
        "translation": [
            [
                -6.229223724102919
            ],
            [
                -3.7205579395837547
            ],
            [
                10.693054363242528
            ]
        ],
        "rotation_matrix": [
            [
                -0.5735436803561844,
                0.4348456955413358,
                -0.6942311342720485
            ],
            [
                0.8191513045222767,
                0.29800443580540037,
                -0.4900862133745017
            ],
            [
                -0.00622792284276974,
                -0.8497661897895663,
                -0.5271229796428795
            ]
        ],
        "euler_angles": [
            -121.81196073617625,
            0.35683600081686623,
            124.99848691359949
        ],
        "coordinates": [
            [
                5.468587963982629
            ],
            [
                11.451938031716205
            ],
            [
                2.436155208500224
            ]
        ]
    },
    "cam6": {
        "rotation": [
            0.8293536230588687,
            0.35168037843962624,
            -0.16631939978494772,
            0.40103782439423824
        ],
        "translation": [
            [
                -6.567029410731389
            ],
            [
                2.140915922897745
            ],
            [
                2.226677115888771
            ]
        ],
        "rotation_matrix": [
            [
                0.697317537351472,
                0.44993405154661426,
                -0.5579494612963858
            ],
            [
                0.7167355325238581,
                -0.4309791496513948,
                0.5482218063735719
            ],
            [
                0.006199074109894509,
                -0.7821868842064595,
                -0.6230130413206219
            ]
        ],
        "euler_angles": [
            -128.53737498456914,
            -0.3551830582704079,
            45.786745044043435
        ],
        "coordinates": [
            [
                4.858407098486989
            ],
            [
                4.408800495042765
            ],
            [
                3.1025547390872585
            ]
        ]
    }
}